0 20
1 20
2 19
3 19
4 18
5 18
6 17
7 16
8 15
9 14
10 13
11 12
12 11
13 11
14 11
15 11
16 11
17 11
18 11
19 9
20 9
21 9
22 8
23 8
24 7
25 7
26 2
27 2
28 2
29 2
30 2
31 2
32 1
33 1
34 1
35 1
36 1
37 1
38 1
39 2
40 2
41 3
42 3
43 4
44 5
45 6
46 7
47 7
48 9
49 9
50 10
51 11
52 12
53 13
54 14
55 15
56 16
57 16
58 17
59 18
60 19
61 20
62 21
63 22
64 22
65 24
66 25
67 25
68 26
69 27
70 28
71 29
72 30
73 31
74 31
75 32
76 33
77 34
78 35
79 36
80 37
81 38
82 38
83 39
84 40
85 41
86 42
87 43
88 44
89 44
90 45
91 46
92 47
93 48
94 49
95 50
96 51
97 51
98 52
99 53
100 54
101 55
102 56
103 57
104 58
105 59
106 59
107 60
108 61
109 62
110 63
111 64
112 65
113 66
114 67
115 67
116 68
117 69
118 70
119 71
120 72
121 73
122 74
123 75
124 76
125 77
126 77
127 78
128 79
129 80
130 81
131 82
132 83
133 84
134 85
135 85
136 86
137 86
138 87
139 88
140 90
141 90
142 92
143 92
144 93
145 94
146 94
147 96
148 96
149 97
150 98
151 99
152 100
153 101
154 102
155 103
156 104
157 105
158 106
159 106
160 107
161 108
162 108
163 109
164 110
165 111
166 112
167 113
168 113
169 114
170 114
171 116
172 117
173 117
174 118
175 119
176 120
177 121
178 122
179 123
180 124
181 125
182 126
183 126
184 128
185 129
186 130
187 130
188 131
189 132
190 133
191 134
192 135
193 135
194 136
195 137
196 138
197 138
198 139
199 140
200 141
201 142
202 143
203 144
204 145
205 146
206 147
207 148
208 149
209 150
210 151
211 151
212 152
213 153
214 154
215 155
216 156
217 157
218 158
219 159
220 160
221 161
222 162
223 162
224 163
225 164
226 165
227 166
228 167
229 168
230 169
231 170
232 170
233 171
234 172
235 173
236 174
237 175
238 175
239 177
240 177
241 178
242 179
243 180
244 181
245 181
246 182
247 183
248 184
249 185
250 186
251 187
252 188
253 189
254 189
255 190
256 192
257 192
258 193
259 194
260 195
261 196
262 197
263 197
264 199
265 200
266 200
267 201
268 202
269 203
270 204
271 204
272 205
273 206
274 207
275 208
276 209
277 209
278 210
279 211
280 212
281 213
282 214
283 215
284 215
285 216
286 217
287 218
288 219
289 219
290 220
291 222
292 224
293 225
294 226
295 227
296 229
297 230
298 231
299 231
300 231
301 232
302 232
303 233
304 234
305 235
306 235
307 236
308 237
309 238
310 239
311 240
312 241
313 242
314 242
315 243
316 244
317 245
318 246
319 247
320 248
321 249
322 250
323 251
324 252
325 252
326 253
327 254
328 255
329 257
330 258
331 259
332 259
333 260
334 261
335 262
336 262
337 264
338 264
339 265
340 266
341 267
342 268
343 269
344 270
345 271
346 272
347 273
348 274
349 275
350 275
351 276
352 277
353 278
354 279
355 280
356 281
357 282
358 282
359 283
360 284
361 285
362 285
363 286
364 287
365 288
366 289
367 290
368 291
369 292
370 292
371 293
372 294
373 295
374 296
375 297
376 297
377 298
378 300
379 301
380 302
381 303
382 304
383 304
384 305
385 306
386 307
387 308
388 309
389 309
390 311
391 311
392 312
393 313
394 314
395 315
396 315
397 316
398 317
399 318
400 318
401 320
402 321
403 322
404 323
405 324
406 324
407 325
408 326
409 327
410 328
411 329
412 330
413 330
414 331
415 333
416 333
417 334
418 335
419 336
420 337
421 338
422 339
423 340
424 340
425 341
426 342
427 343
428 344
429 344
430 346
431 347
432 347
433 348
434 349
435 350
436 351
437 352
438 353
439 353
440 354
441 355
442 356
443 357
444 358
445 359
446 360
447 360
448 361
449 362
450 363
451 364
452 365
453 366
454 367
455 367
456 369
457 369
458 370
459 371
460 372
461 373
462 374
463 375
464 376
465 376
466 377
467 378
468 379
469 380
470 381
471 382
472 383
473 384
474 385
475 386
476 387
477 387
478 388
479 389
480 390
481 391
482 392
483 392
484 394
485 394
486 395
487 396
488 397
489 398
490 399
491 400
492 401
493 402
494 402
495 403
496 405
497 405
498 406
499 407
500 408
501 409
502 409
503 410
504 411
505 412
506 413
507 414
508 415
509 416
510 417
511 417
512 418
513 419
514 420
515 421
516 422
517 422
518 423
519 424
520 425
521 426
522 427
523 428
524 429
525 429
526 430
527 431
528 432
529 433
530 433
531 434
532 435
533 436
534 437
535 438
536 439
537 440
538 441
539 442
540 443
541 443
542 444
543 444
544 445
545 446
546 447
547 448
548 448
549 449
550 450
551 451
552 452
553 452
554 453
555 454
556 455
557 456
558 456
559 457
560 458
561 459
562 460
563 461
564 462
565 463
566 464
567 465
568 466
569 467
570 467
571 468
572 469
573 470
574 471
575 472
576 473
577 474
578 474
579 475
580 476
581 477
582 478
583 478
584 480
585 481
586 481
587 482
588 483
589 484
590 485
591 485
592 485
593 487
594 488
595 489
596 489
597 490
598 491
599 492
600 493
601 494
602 495
603 495
604 497
605 498
606 499
607 500
608 501
609 501
610 502
611 503
612 504
613 505
614 506
615 507
616 508
617 509
618 510
619 511
620 511
621 512
622 513
623 514
624 515
625 516
626 517
627 517
628 518
629 519
630 519
631 520
632 521
633 523
634 524
635 525
636 526
637 526
638 527
639 528
640 529
641 530
642 531
643 532
644 532
645 533
646 534
647 535
648 536
649 537
650 538
651 539
652 539
653 540
654 541
655 542
656 543
657 544
658 544
659 545
660 546
661 547
662 548
663 549
664 549
665 550
666 551
667 552
668 553
669 555
670 555
671 556
672 557
673 558
674 559
675 559
676 560
677 561
678 563
679 563
680 564
681 565
682 566
683 567
684 568
685 569
686 569
687 570
688 571
689 572
690 573
691 574
692 574
693 576
694 576
695 577
696 578
697 579
698 581
699 581
700 582
701 583
702 584
703 585
704 586
705 587
706 588
707 589
708 590
709 590
710 591
711 592
712 592
713 594
714 595
715 596
716 597
717 598
718 598
719 599
720 600
721 601
722 602
723 603
724 604
725 604
726 605
727 606
728 607
729 608
730 609
731 610
732 611
733 612
734 613
735 614
736 614
737 615
738 616
739 616
740 617
741 618
742 619
743 620
744 621
745 621
746 622
747 623
748 624
749 626
750 626
751 627
752 628
753 629
754 629
755 630
756 631
757 632
758 632
759 634
760 635
761 635
762 636
763 637
764 638
765 639
766 640
767 641
768 642
769 643
770 644
771 645
772 646
773 647
774 648
775 648
776 650
777 650
778 651
779 652
780 653
781 653
782 654
783 655
784 656
785 657
786 658
787 659
788 659
789 660
790 661
791 662
792 663
793 664
794 665
795 666
796 667
797 668
798 669
799 669
800 670
801 671
802 672
803 673
804 674
805 675
806 676
807 676
808 677
809 678
810 679
811 680
812 681
813 681
