0 0
1 142
2 78
3 2
4 657
5 25
6 26
7 26
8 225
9 37
10 38
11 736
12 0
13 68
14 650
15 650
16 7
17 7
18 7
19 7
20 7
21 7
22 13
23 13
24 13
25 13
26 5
27 25
28 11
29 12
30 13
31 12
32 13
33 10
34 10
35 6
36 10
37 7
38 7
39 7
40 14
41 14
42 24
43 15
44 14
45 15
46 12
47 17
48 17
49 435
50 12
51 28
52 0
53 0
54 0
55 676
56 0
57 36
58 0
59 31
60 36
61 0
62 34
63 29
64 30
65 35
66 31
67 31
68 33
69 39
70 31
71 39
72 42
73 44
74 43
75 13
76 39
77 42
78 42
79 43
80 41
81 484
82 672
83 44
84 49
85 49
86 49
87 49
88 49
89 49
90 49
91 52
92 43
93 43
94 68
95 25
96 58
97 60
98 0
99 638
100 68
101 67
102 60
103 69
104 68
105 0
106 41
107 68
108 68
109 68
110 68
111 489
112 49
113 435
114 107
115 96
116 115
117 0
118 96
119 223
120 115
121 96
122 102
123 103
124 95
125 0
126 115
127 106
128 106
129 620
130 97
131 105
132 106
133 96
134 96
135 93
136 120
137 96
138 95
139 95
140 103
141 125
142 120
143 99
144 100
145 120
146 116
147 118
148 120
149 120
150 115
151 115
152 117
153 116
154 115
155 115
156 115
157 115
158 115
159 229
160 228
161 228
162 14
163 14
164 449
165 495
166 565
167 455
168 715
169 712
170 21
171 0
172 124
173 131
174 130
175 130
176 748
177 131
178 132
179 14
180 149
181 748
182 140
183 0
184 140
185 140
186 178
187 19
188 126
189 149
190 149
191 149
192 149
193 149
194 149
195 149
196 149
197 149
198 149
199 149
200 225
201 605
202 187
203 150
204 560
205 174
206 167
207 167
208 182
209 184
210 184
211 146
212 175
213 197
214 197
215 197
216 11
217 177
218 197
219 197
220 187
221 175
222 175
223 184
224 174
225 181
226 7
227 96
228 324
229 150
230 657
231 465
232 88
233 465
234 179
235 181
236 218
237 308
238 197
239 324
240 309
241 85
242 175
243 184
244 197
245 197
246 197
247 102
248 220
249 27
250 28
251 27
252 86
253 21
254 27
255 197
256 197
257 528
258 213
259 571
260 197
261 712
262 197
263 214
264 213
265 216
266 11
267 11
268 214
269 214
270 214
271 214
272 235
273 235
274 235
275 235
276 227
277 229
278 229
279 229
280 229
281 229
282 229
283 228
284 229
285 229
286 235
287 227
288 229
289 379
290 231
291 229
292 379
293 233
294 151
295 17
296 12
297 20
298 149
299 641
300 245
301 241
302 241
303 245
304 245
305 241
306 256
307 245
308 252
309 17
310 245
311 252
312 238
313 656
314 250
315 250
316 249
317 0
318 0
319 0
320 259
321 0
322 0
323 255
324 370
325 367
326 373
327 253
328 371
329 372
330 305
331 663
332 328
333 372
334 663
335 664
336 589
337 477
338 276
339 276
340 276
341 272
342 277
343 269
344 49
345 280
346 282
347 280
348 440
349 476
350 290
351 305
352 359
353 213
354 213
355 295
356 26
357 296
358 293
359 301
360 344
361 344
362 142
363 323
364 306
365 306
366 306
367 345
368 370
369 317
370 370
371 305
372 99
373 305
374 305
375 176
376 309
377 96
378 97
379 150
380 117
381 476
382 323
383 331
384 331
385 331
386 355
387 331
388 326
389 327
390 26
391 328
392 327
393 330
394 328
395 27
396 28
397 183
398 211
399 274
400 265
401 495
402 465
403 273
404 117
405 369
406 465
407 376
408 185
409 344
410 379
411 347
412 355
413 141
414 142
415 378
416 338
417 317
418 328
419 238
420 225
421 274
422 328
423 328
424 13
425 230
426 435
427 162
428 558
429 238
430 332
431 435
432 330
433 616
434 616
435 616
436 531
437 379
438 373
439 373
440 388
441 410
442 546
443 409
444 272
445 379
446 378
447 435
448 569
449 269
450 377
451 377
452 222
453 107
454 178
455 377
456 377
457 435
458 434
459 388
460 387
461 387
462 410
463 388
464 610
465 272
466 389
467 387
468 388
469 388
470 387
471 387
472 387
473 387
474 435
475 388
476 388
477 439
478 435
479 440
480 438
481 472
482 476
483 469
484 435
485 407
486 381
487 405
488 475
489 473
490 379
491 435
492 435
493 435
494 436
495 435
496 435
497 432
498 416
499 747
500 435
501 429
502 429
503 388
504 68
505 52
506 433
507 435
508 109
509 272
510 435
511 435
512 722
513 438
514 330
515 50
516 712
517 392
518 435
519 27
520 438
521 435
522 435
523 438
524 435
525 440
526 440
527 446
528 438
529 748
530 435
531 715
532 749
533 149
534 715
535 715
536 435
537 449
538 748
539 452
540 456
541 0
542 137
543 245
544 158
545 452
546 241
547 714
548 473
549 476
550 473
551 476
552 476
553 476
554 473
555 476
556 474
557 476
558 476
559 472
560 476
561 476
562 476
563 476
564 477
565 477
566 481
567 473
568 492
569 492
570 491
571 491
572 494
573 492
574 491
575 489
576 492
577 489
578 489
579 496
580 505
581 496
582 495
583 495
584 501
585 501
586 502
587 502
588 500
589 501
590 502
591 502
592 495
593 501
594 502
595 489
596 27
597 27
598 676
599 491
600 723
601 56
602 56
603 679
604 679
605 526
606 676
607 567
608 526
609 524
610 27
611 678
612 525
613 526
614 514
615 514
616 558
617 529
618 527
619 527
620 527
621 532
622 531
623 531
624 531
625 531
626 531
627 531
628 537
629 534
630 518
631 537
632 535
633 535
634 558
635 550
636 549
637 549
638 550
639 552
640 552
641 552
642 552
643 546
644 547
645 552
646 547
647 550
648 550
649 546
650 552
651 552
652 553
653 553
654 543
655 554
656 528
657 552
658 557
659 211
660 388
661 566
662 325
663 27
664 552
665 465
666 552
667 537
668 552
669 558
670 558
671 747
672 149
673 514
674 573
675 571
676 572
677 715
678 689
679 13
680 573
681 13
682 0
683 0
684 0
685 5
686 0
687 0
688 0
689 0
690 0
691 12
692 659
693 591
694 591
695 591
696 591
697 594
698 593
699 594
700 594
701 25
702 56
703 0
704 480
705 480
706 604
707 604
708 604
709 604
710 604
711 605
712 604
713 480
714 605
715 604
716 607
717 653
718 616
719 265
720 99
721 613
722 618
723 100
724 619
725 582
726 617
727 159
728 619
729 619
730 619
731 618
732 619
733 619
734 619
735 99
736 630
737 629
738 627
739 627
740 627
741 641
742 641
743 658
744 641
745 641
746 647
747 26
748 640
749 639
750 100
751 639
752 639
753 642
754 641
755 641
756 641
757 641
758 641
759 616
760 647
761 652
762 657
763 657
764 657
765 657
766 235
767 639
768 649
769 652
770 618
771 651
772 657
773 657
774 657
775 657
776 682
777 670
778 670
779 674
780 670
781 670
782 670
783 671
784 674
785 670
786 671
787 669
788 670
789 669
790 668
791 668
792 668
793 672
794 679
795 679
796 677
797 676
798 678
799 583
800 678
801 679
802 679
803 679
804 670
805 28
806 711
807 738
808 737
809 689
810 689
811 712
812 652
813 652
