0 142
1 203
2 142
3 272
4 678
5 25
6 55
7 26
8 223
9 37
10 223
11 736
12 0
13 666
14 679
15 682
16 708
17 708
18 712
19 234
20 234
21 234
22 13
23 13
24 13
25 13
26 25
27 25
28 10
29 13
30 13
31 10
32 10
33 10
34 112
35 112
36 10
37 10
38 10
39 557
40 14
41 14
42 18
43 16
44 16
45 16
46 17
47 15
48 17
49 42
50 15
51 679
52 0
53 595
54 0
55 79
56 678
57 682
58 0
59 36
60 34
61 61
62 32
63 34
64 34
65 42
66 34
67 34
68 34
69 34
70 31
71 43
72 43
73 36
74 679
75 13
76 36
77 42
78 42
79 13
80 42
81 488
82 484
83 485
84 49
85 49
86 49
87 49
88 486
89 485
90 26
91 486
92 44
93 486
94 55
95 669
96 668
97 47
98 650
99 638
100 67
101 41
102 511
103 0
104 68
105 666
106 485
107 69
108 68
109 68
110 481
111 489
112 49
113 435
114 235
115 435
116 109
117 485
118 96
119 223
120 0
121 96
122 95
123 114
124 95
125 0
126 109
127 106
128 682
129 682
130 106
131 109
132 125
133 95
134 125
135 95
136 120
137 96
138 114
139 225
140 114
141 90
142 103
143 115
144 115
145 115
146 115
147 115
148 111
149 114
150 109
151 115
152 115
153 115
154 115
155 115
156 115
157 115
158 115
159 109
160 107
161 229
162 14
163 14
164 451
165 495
166 566
167 566
168 750
169 712
170 451
171 0
172 747
173 270
174 656
175 130
176 748
177 132
178 149
179 14
180 149
181 750
182 672
183 140
184 149
185 139
186 556
187 18
188 149
189 149
190 149
191 149
192 149
193 149
194 149
195 149
196 149
197 149
198 149
199 147
200 754
201 147
202 187
203 148
204 694
205 196
206 181
207 167
208 181
209 183
210 184
211 146
212 694
213 660
214 197
215 197
216 196
217 175
218 173
219 174
220 188
221 175
222 173
223 149
224 175
225 174
226 323
227 324
228 173
229 174
230 174
231 174
232 92
233 324
234 174
235 174
236 174
237 239
238 239
239 85
240 310
241 272
242 576
243 444
244 28
245 272
246 197
247 41
248 37
249 37
250 28
251 28
252 85
253 382
254 96
255 29
256 197
257 527
258 175
259 197
260 183
261 710
262 713
263 174
264 200
265 214
266 214
267 10
268 634
269 634
270 634
271 660
272 235
273 236
274 236
275 236
276 234
277 234
278 230
279 230
280 237
281 235
282 236
283 235
284 235
285 235
286 235
287 234
288 235
289 270
290 235
291 259
292 173
293 233
294 173
295 240
296 12
297 6
298 259
299 641
300 638
301 241
302 678
303 242
304 242
305 242
306 243
307 243
308 242
309 242
310 229
311 392
312 238
313 242
314 250
315 250
316 587
317 485
318 0
319 0
320 514
321 0
322 11
323 176
324 377
325 367
326 373
327 380
328 97
329 269
330 664
331 664
332 664
333 663
334 663
335 484
336 484
337 477
338 276
339 276
340 485
341 272
342 280
343 269
344 49
345 271
346 712
347 296
348 441
349 477
350 600
351 713
352 753
353 587
354 296
355 208
356 26
357 585
358 585
359 220
360 585
361 344
362 149
363 303
364 464
365 660
366 464
367 345
368 260
369 31
370 370
371 96
372 99
373 305
374 344
375 150
376 150
377 96
378 557
379 557
380 332
381 657
382 657
383 340
384 332
385 657
386 333
387 333
388 328
389 474
390 332
391 26
392 327
393 331
394 332
395 332
396 332
397 207
398 207
399 274
400 265
401 564
402 564
403 557
404 557
405 565
406 565
407 565
408 679
409 344
410 344
411 344
412 442
413 443
414 239
415 239
416 166
417 226
418 328
419 226
420 226
421 435
422 381
423 435
424 332
425 439
426 435
427 162
428 435
429 333
430 439
431 435
432 435
433 679
434 439
435 679
436 680
437 605
438 375
439 373
440 483
441 407
442 55
443 409
444 379
445 241
446 378
447 560
448 634
449 269
450 377
451 679
452 223
453 443
454 443
455 377
456 377
457 564
458 560
459 388
460 389
461 387
462 387
463 389
464 388
465 388
466 751
467 387
468 412
469 386
470 386
471 387
472 387
473 438
474 438
475 388
476 435
477 441
478 341
479 382
480 433
481 55
482 468
483 683
484 381
485 388
486 381
487 532
488 477
489 473
490 386
491 435
492 435
493 433
494 433
495 432
496 433
497 433
498 388
499 388
500 388
501 433
502 699
503 388
504 51
505 52
506 434
507 435
508 433
509 433
510 435
511 474
512 441
513 676
514 332
515 50
516 700
517 345
518 480
519 485
520 438
521 442
522 439
523 439
524 439
525 439
526 440
527 682
528 552
529 446
530 446
531 715
532 558
533 715
534 715
535 720
536 720
537 449
538 671
539 486
540 456
541 594
542 587
543 242
544 634
545 376
546 692
547 714
548 473
549 476
550 477
551 477
552 477
553 477
554 475
555 477
556 473
557 475
558 473
559 475
560 475
561 475
562 475
563 475
564 473
565 486
566 486
567 493
568 493
569 491
570 491
571 491
572 493
573 493
574 491
575 489
576 489
577 491
578 491
579 486
580 485
581 485
582 496
583 496
584 497
585 497
586 501
587 501
588 497
589 497
590 501
591 497
592 501
593 501
594 491
595 679
596 485
597 485
598 485
599 486
600 591
601 591
602 679
603 679
604 679
605 679
606 676
607 679
608 526
609 525
610 670
611 675
612 525
613 722
614 526
615 537
616 56
617 514
618 668
619 488
620 604
621 604
622 532
623 532
624 532
625 531
626 532
627 532
628 748
629 379
630 518
631 546
632 546
633 559
634 559
635 550
636 559
637 549
638 550
639 551
640 551
641 551
642 551
643 549
644 549
645 549
646 549
647 549
648 546
649 551
650 546
651 555
652 554
653 546
654 555
655 555
656 565
657 552
658 485
659 28
660 388
661 566
662 27
663 28
664 566
665 563
666 579
667 552
668 579
669 563
670 665
671 747
672 712
673 485
674 42
675 38
676 572
677 591
678 587
679 13
680 27
681 0
682 0
683 0
684 0
685 0
686 0
687 0
688 0
689 0
690 0
691 12
692 602
693 486
694 592
695 591
696 591
697 677
698 487
699 487
700 486
701 485
702 484
703 484
704 480
705 480
706 486
707 604
708 604
709 604
710 477
711 604
712 604
713 605
714 607
715 604
716 607
717 613
718 616
719 265
720 560
721 618
722 618
723 96
724 619
725 376
726 617
727 560
728 657
729 560
730 645
731 618
732 682
733 618
734 618
735 618
736 627
737 627
738 627
739 627
740 628
741 659
742 641
743 658
744 641
745 633
746 647
747 26
748 639
749 642
750 639
751 670
752 670
753 642
754 641
755 641
756 659
757 662
758 639
759 659
760 659
761 652
762 659
763 657
764 657
765 656
766 613
767 660
768 649
769 668
770 652
771 659
772 679
773 670
774 669
775 670
776 668
777 668
778 668
779 669
780 669
781 668
782 667
783 667
784 679
785 667
786 666
787 26
788 670
789 670
790 670
791 670
792 670
793 670
794 679
795 679
796 678
797 676
798 679
799 67
800 679
801 78
802 679
803 581
804 682
805 682
806 682
807 726
808 712
809 712
810 712
811 712
812 39
813 652
